0 0.178466 0.695199 0.091445 0.141963
0 0.234513 0.938298 0.085546 0.123405
0 0.486726 0.612387 0.094395 0.126189
0 0.361357 0.419160 0.097345 0.102529
0 0.203540 0.385641 0.088496 0.090698
0 0.587021 0.427047 0.070796 0.118302
0 0.471976 0.393528 0.053097 0.082812
0 0.821534 0.287056 0.056047 0.098585
0 0.646018 0.868708 0.123894 0.165623
0 0.088496 0.527604 0.058997 0.082812
0 0.262537 0.109603 0.053097 0.067038
0 0.460177 0.929831 0.117994 0.122246
0 0.392330 0.803642 0.100295 0.098585
0 0.430678 0.279169 0.088496 0.090698