0 0.219764 0.835660 0.061947 0.126188
0 0.346608 0.951754 0.050147 0.095903
0 0.699115 0.903802 0.053097 0.171616
0 0.856932 0.706949 0.050147 0.080760
0 0.390855 0.704425 0.050147 0.075713
0 0.466077 0.876041 0.076696 0.136283
0 0.623894 0.628712 0.056047 0.105998
0 0.057522 0.770043 0.061947 0.085808
0 0.615044 0.876041 0.044248 0.095903
0 0.828909 0.929040 0.082596 0.141331
0 0.949853 0.747329 0.053097 0.151426
0 0.087021 0.626188 0.044248 0.090855
0 0.399705 0.502524 0.067847 0.085808
0 0.719764 0.419240 0.041298 0.080760
0 0.528024 0.293051 0.064897 0.100951
0 0.243363 0.653950 0.056047 0.085808
0 0.912979 0.522714 0.038348 0.085808
0 0.528024 0.545428 0.041298 0.111046
0 0.241888 0.250147 0.041298 0.055523
0 0.272861 0.431858 0.056047 0.055523
0 0.541298 0.737234 0.050147 0.121141
0 0.705015 0.235005 0.053097 0.095903
0 0.112094 0.146673 0.047198 0.121141