0 0.674041 0.842504 0.103245 0.214759
0 0.545723 0.811030 0.094395 0.151812
0 0.292035 0.746232 0.088496 0.133299
0 0.185841 0.816585 0.082596 0.192543
0 0.075221 0.836950 0.091445 0.122191
0 0.870206 0.936063 0.053097 0.127874
0 0.780236 0.840652 0.061947 0.122191
0 0.728614 0.679583 0.070796 0.074055
0 0.293510 0.562947 0.061947 0.085163
0 0.679941 0.572204 0.044248 0.074055
0 0.395280 0.688840 0.047198 0.099974
0 0.188791 0.655515 0.058997 0.085163
0 0.926254 0.759192 0.082596 0.129596
0 0.843658 0.736976 0.053097 0.077758