0 0.206490 0.750550 0.047198 0.182644
0 0.266962 0.898070 0.067847 0.187327
0 0.430678 0.881679 0.082596 0.173278
0 0.570796 0.888704 0.097345 0.196693
0 0.671091 0.766941 0.038348 0.196693
0 0.749263 0.884020 0.058997 0.168594
0 0.957227 0.797382 0.067847 0.163911
0 0.876106 0.825481 0.047198 0.182644
0 0.336283 0.654545 0.076696 0.131129
0 0.116519 0.811431 0.079646 0.201377
0 0.488201 0.607713 0.067847 0.121763
0 0.109145 0.588980 0.076696 0.103030
0 0.706490 0.411020 0.061947 0.093664
0 0.470501 0.432094 0.067847 0.079614
0 0.731563 0.572589 0.070796 0.107713
0 0.284661 0.462535 0.050147 0.103030
0 0.156342 0.455510 0.064897 0.079614
0 0.896755 0.546832 0.070796 0.074931
0 0.927729 0.432094 0.061947 0.060881
0 0.609145 0.633471 0.038348 0.098347
0 0.634218 0.469559 0.064897 0.088980
0 0.794985 0.331406 0.044248 0.056198
0 0.511799 0.326722 0.050147 0.056198