0 0.265487 0.902059 0.088496 0.151077
0 0.144543 0.885002 0.094395 0.146203
0 0.188791 0.690064 0.064897 0.136456
0 0.101770 0.675444 0.061947 0.146203
0 0.474926 0.758293 0.106195 0.097469
0 0.635693 0.804590 0.150442 0.151077
0 0.809735 0.782660 0.115044 0.107216
0 0.297935 0.668134 0.100295 0.151077
0 0.573746 0.482943 0.073746 0.102342
0 0.179941 0.407405 0.041298 0.058481
0 0.710914 0.509747 0.076696 0.068228
0 0.927729 0.507310 0.073746 0.082849
0 0.392330 0.387911 0.058997 0.068228
0 0.030973 0.461012 0.050147 0.077975
0 0.520649 0.887439 0.061947 0.082849
0 0.690265 0.361107 0.058997 0.092595