0 0.492625 0.758797 0.076696 0.416502
0 0.420354 0.781038 0.073746 0.428633
0 0.321534 0.779016 0.112094 0.424589
0 0.165192 0.762841 0.117994 0.376065
0 0.806785 0.799234 0.044248 0.295191
0 0.930678 0.673879 0.079646 0.149617
0 0.884956 0.461585 0.047198 0.088962
0 0.561947 0.394864 0.044248 0.060656
0 0.594395 0.520219 0.056047 0.076830
0 0.591445 0.789125 0.109145 0.372021
0 0.039823 0.659726 0.050147 0.064699
0 0.060472 0.455519 0.044248 0.084918
0 0.194690 0.358470 0.047198 0.068743
0 0.377581 0.330164 0.029499 0.036393
0 0.777286 0.425191 0.044248 0.080874