0 0.169617 0.880531 0.162242 0.212389
0 0.299410 0.725664 0.132743 0.079646
0 0.647493 0.350664 0.079646 0.073009
0 0.517699 0.440265 0.056047 0.079646
0 0.455752 0.543142 0.097345 0.064159
0 0.442478 0.471239 0.076696 0.053097
0 0.193215 0.501106 0.079646 0.073009
0 0.306785 0.549779 0.088496 0.064159
0 0.129794 0.626106 0.088496 0.057522
0 0.805310 0.556416 0.106195 0.073009
0 0.653392 0.667035 0.079646 0.099558
0 0.479351 0.648230 0.126844 0.110619
0 0.351032 0.642699 0.094395 0.077434
0 0.104720 0.527655 0.079646 0.090708
0 0.589971 0.505531 0.088496 0.073009
0 0.749263 0.348451 0.070796 0.064159
0 0.249263 0.348451 0.067847 0.037611
0 0.882006 0.731195 0.106195 0.086283
0 0.862832 0.637168 0.085546 0.044248
0 0.771386 0.835177 0.109145 0.090708
0 0.477876 0.818584 0.112094 0.075221
0 0.856932 0.358407 0.056047 0.057522
0 0.939528 0.586283 0.073746 0.075221
0 0.309735 0.181416 0.047198 0.035398
0 0.581121 0.196903 0.053097 0.030973
0 0.452802 0.231195 0.073746 0.046460