0 0.088496 0.855921 0.070796 0.248208
0 0.269912 0.933194 0.056047 0.121763
0 0.587021 0.905716 0.070796 0.188569
0 0.865782 0.933194 0.061947 0.121763
0 0.588496 0.434436 0.044248 0.088980
0 0.287611 0.607713 0.056047 0.107713
0 0.051622 0.661570 0.056047 0.112396
0 0.216814 0.509366 0.044248 0.182644
0 0.414454 0.901032 0.050147 0.197935
0 0.750737 0.202618 0.038348 0.112396
0 0.321534 0.464876 0.041298 0.065564
0 0.820059 0.523416 0.041298 0.070248
0 0.513274 0.123004 0.053097 0.168594
0 0.458702 0.563223 0.061947 0.103030
0 0.336283 0.148762 0.041298 0.088980