0 0.449853 0.949115 0.073746 0.101770
0 0.308260 0.913717 0.067847 0.128319
0 0.722714 0.893805 0.070796 0.066372
0 0.927729 0.924779 0.067847 0.115044
0 0.110619 0.960177 0.067847 0.061947
0 0.545723 0.929204 0.064897 0.106195
0 0.970501 0.847345 0.041298 0.030973
0 0.749263 0.746681 0.058997 0.055310
0 0.441003 0.835177 0.085546 0.050885
0 0.213864 0.814159 0.050147 0.030973
0 0.477876 0.726770 0.082596 0.042035
0 0.278761 0.762168 0.038348 0.037611
0 0.622419 0.741150 0.058997 0.048673
0 0.893805 0.743363 0.053097 0.035398
0 0.088496 0.745575 0.058997 0.030973
0 0.588496 0.665929 0.044248 0.026549
0 0.272861 0.655973 0.061947 0.033186
0 0.895280 0.591814 0.044248 0.028761
0 0.294985 0.577434 0.041298 0.026549
0 0.056047 0.696903 0.041298 0.030973
0 0.709440 0.959071 0.079646 0.046460