0 0.147493 0.683539 0.047198 0.097298
0 0.662242 0.438083 0.050147 0.154792
0 0.299410 0.851598 0.097345 0.159214
0 0.839233 0.849387 0.138643 0.225554
0 0.340708 0.699018 0.061947 0.101720
0 0.174041 0.482310 0.023599 0.057494
0 0.920354 0.181571 0.035398 0.137101
0 0.730088 0.422604 0.032448 0.070762
0 0.426254 0.915726 0.085546 0.163637
0 0.069322 0.665848 0.038348 0.097298
0 0.629794 0.707863 0.103245 0.145946
0 0.129794 0.912531 0.106195 0.174937
0 0.721239 0.250122 0.044248 0.114988
0 0.128319 0.400491 0.032448 0.079607