0 0.132743 0.948378 0.064897 0.062930
0 0.464602 0.806785 0.056047 0.078663
0 0.368732 0.924779 0.058997 0.055064
0 0.488201 0.248279 0.050147 0.070796
0 0.205015 0.700590 0.020649 0.055064
0 0.684366 0.767453 0.035398 0.055064
0 0.575221 0.169617 0.029499 0.055064
0 0.281711 0.966077 0.067847 0.058997
0 0.530973 0.806785 0.058997 0.078663
0 0.289086 0.834317 0.064897 0.055064
0 0.654867 0.651426 0.053097 0.051131
0 0.834808 0.765487 0.041298 0.051131
0 0.597345 0.873648 0.056047 0.070796
0 0.877581 0.667158 0.061947 0.058997
0 0.488201 0.608161 0.050147 0.058997
0 0.351032 0.694690 0.053097 0.035398