0 0.401180 0.893314 0.047198 0.165192
0 0.333333 0.848083 0.053097 0.145526
0 0.631268 0.830383 0.070796 0.110128
0 0.766962 0.871681 0.058997 0.145526
0 0.451327 0.612094 0.064897 0.121927
0 0.169617 0.767453 0.085546 0.133727
0 0.625369 0.551131 0.076696 0.070796
0 0.803835 0.444936 0.097345 0.062930
0 0.824484 0.741888 0.091445 0.098328
0 0.926254 0.853982 0.082596 0.180924
0 0.963127 0.439036 0.061947 0.098328
0 0.215339 0.511799 0.047198 0.062930
0 0.237463 0.187316 0.050147 0.043265
0 0.143068 0.311209 0.073746 0.086529
0 0.063422 0.385939 0.097345 0.165192
0 0.393805 0.417404 0.061947 0.102262
0 0.520649 0.112586 0.085546 0.098328
0 0.644543 0.230580 0.061947 0.074730
0 0.517699 0.509833 0.085546 0.082596
0 0.520649 0.938545 0.109145 0.121927
0 0.851032 0.201082 0.061947 0.078663
0 0.585546 0.425270 0.085546 0.078663
0 0.087021 0.169617 0.038348 0.055064